
20111201_170301.avi	255475	48374	0.189349
20111202_082713.avi	150699	36675	0.243366
juminxiaoqu.avi	8103	3008	0.371221
testvideo.avi	15240	994	0.0652231
xiezilou.avi	12000	3002	0.250167
LOD_CIF_HQ_4_2.avi	34502	4094	0.11866
road.avi	20317	7942	0.390904
loumenkou.avi	61866	25967	0.41973
damenkou.avi	62753	17447	0.278027
AA012507.avi	5700	2973	0.521579
AA013101.avi	11220	6618	0.58984
AA013102.avi	11220	5029	0.448217
AA013103.avi	11220	4918	0.438324
AA013106.avi	7152	5100	0.713087
Cam01.avi	36001	14100	0.391656
Cam3.avi	36001	5522	0.153385
Cam4.avi	36001	9860	0.273881

test.avi	15240	243	0.0159449